"[[[6.15074819e+04 1.36003820e+13 2.28019193e+02 ... 7.28809147e+05
   5.48958478e+02 2.59650980e+08]
  [0.00000000e+00 1.36003820e+13 0.00000000e+00 ... 0.00000000e+00
   0.00000000e+00 0.00000000e+00]
  [0.00000000e+00 1.36003820e+13 0.00000000e+00 ... 0.00000000e+00
   0.00000000e+00 0.00000000e+00]
  ...
  [0.00000000e+00 1.36003820e+13 0.00000000e+00 ... 0.00000000e+00
   0.00000000e+00 0.00000000e+00]
  [0.00000000e+00 1.36003820e+13 0.00000000e+00 ... 0.00000000e+00
   0.00000000e+00 0.00000000e+00]
  [0.00000000e+00 1.36003820e+13 0.00000000e+00 ... 0.00000000e+00
   0.00000000e+00 0.00000000e+00]]

 [[6.15074819e+04 1.36003820e+13 2.28019193e+02 ... 7.28809147e+05
   5.48958478e+02 2.59650980e+08]
  [8.33227452e+03 1.36003820e+13 3.09496366e+01 ... 1.49765773e+05
   7.50290290e+01 6.86296517e+07]
  [3.73504619e+03 1.36003820e+13 1.38331995e+01 ... 1.01527482e+05
   3.33315327e+01 4.63655650e+07]
  ...
  [1.61967152e+00 1.36003820e+13 5.99470358e-03 ... 3.96780591e+04
   1.44196750e-02 1.49104721e+07]
  [1.38149047e+00 1.36003820e+13 5.11314819e-03 ... 3.94561953e+04
   1.22991584e-02 1.47645601e+07]
  [1.17884062e+00 1.36003820e+13 4.36310271e-03 ... 3.92431861e+04
   1.04949912e-02 1.46227251e+07]]

 [[6.15074819e+04 1.36003820e+13 2.28019193e+02 ... 7.28809147e+05
   5.48958478e+02 2.59650980e+08]
  [1.60253576e+04 1.36003820e+13 5.94994098e+01 ... 2.86170743e+05
   1.44114822e+02 1.27452003e+08]
  [7.59251923e+03 1.36003820e+13 2.81348988e+01 ... 2.01969325e+05
   6.78658112e+01 9.16148244e+07]
  ...
  [3.32872473e+00 1.36003820e+13 1.23214013e-02 ... 7.93731582e+04
   2.96438779e-02 2.98242301e+07]
  [2.83924887e+00 1.36003820e+13 1.05095749e-02 ... 7.89296040e+04
   2.52847578e-02 2.95328517e+07]
  [2.42283023e+00 1.36003820e+13 8.96818175e-03 ... 7.85037917e+04
   2.15763209e-02 2.92497042e+07]]

 ...

 [[6.15074819e+04 1.36003820e+13 2.28019193e+02 ... 7.28809147e+05
   5.48958478e+02 2.59650980e+08]
  [1.60278895e+04 1.36003820e+13 5.95087700e+01 ... 2.86238344e+05
   1.44137285e+02 1.27478486e+08]
  [7.59347252e+03 1.36003820e+13 2.81384331e+01 ... 2.02026326e+05
   6.78743416e+01 9.16379510e+07]
  ...
  [3.32877399e+00 1.36003820e+13 1.23215822e-02 ... 7.94279264e+04
   2.96443043e-02 2.98371241e+07]
  [2.84039341e+00 1.36003820e+13 1.05138059e-02 ... 7.89886429e+04
   2.52949048e-02 2.95461215e+07]
  [3.21180120e+00 1.36003820e+13 1.18846798e-02 ... 8.12886993e+04
   2.85721068e-02 2.97845787e+07]]

 [[6.15074819e+04 1.36003820e+13 2.28019193e+02 ... 7.28809147e+05
   5.48958478e+02 2.59650980e+08]
  [8.33369900e+03 1.36003820e+13 3.09549059e+01 ... 1.49803655e+05
   7.50416946e+01 6.86457814e+07]
  [3.73547926e+03 1.36003820e+13 1.38348040e+01 ... 1.01556454e+05
   3.33353981e+01 4.63776064e+07]
  ...
  [1.61966455e+00 1.36003820e+13 5.99467738e-03 ... 3.97054269e+04
   1.44196091e-02 1.49169140e+07]
  [1.38207028e+00 1.36003820e+13 5.11529257e-03 ... 3.94858714e+04
   1.23043062e-02 1.47712236e+07]
  [1.64672851e+00 1.36003820e+13 6.09364787e-03 ... 4.08976772e+04
   1.46510055e-02 1.49640067e+07]]

 [[6.15074819e+04 1.36003820e+13 2.28019193e+02 ... 7.28809147e+05
   5.48958478e+02 2.59650980e+08]
  [0.00000000e+00 1.36003820e+13 0.00000000e+00 ... 0.00000000e+00
   0.00000000e+00 0.00000000e+00]
  [0.00000000e+00 1.36003820e+13 0.00000000e+00 ... 0.00000000e+00
   0.00000000e+00 0.00000000e+00]
  ...
  [0.00000000e+00 1.36003820e+13 0.00000000e+00 ... 0.00000000e+00
   0.00000000e+00 0.00000000e+00]
  [0.00000000e+00 1.36003820e+13 0.00000000e+00 ... 0.00000000e+00
   0.00000000e+00 0.00000000e+00]
  [0.00000000e+00 1.36003820e+13 0.00000000e+00 ... 0.00000000e+00
   0.00000000e+00 0.00000000e+00]]]","[[[6.15074819e+04 1.36003820e+13 2.28019193e+02 ... 7.28809147e+05
   5.48958478e+02 2.59650980e+08]
  [0.00000000e+00 1.36003820e+13 0.00000000e+00 ... 0.00000000e+00
   0.00000000e+00 0.00000000e+00]
  [0.00000000e+00 1.36003820e+13 0.00000000e+00 ... 0.00000000e+00
   0.00000000e+00 0.00000000e+00]
  ...
  [0.00000000e+00 1.36003820e+13 0.00000000e+00 ... 0.00000000e+00
   0.00000000e+00 0.00000000e+00]
  [0.00000000e+00 1.36003820e+13 0.00000000e+00 ... 0.00000000e+00
   0.00000000e+00 0.00000000e+00]
  [0.00000000e+00 1.36003820e+13 0.00000000e+00 ... 0.00000000e+00
   0.00000000e+00 0.00000000e+00]]

 [[6.15074819e+04 1.36003820e+13 2.28019193e+02 ... 7.28809147e+05
   5.48958478e+02 2.59650980e+08]
  [8.33227452e+03 1.36003820e+13 3.09496366e+01 ... 1.49765773e+05
   7.50290290e+01 6.86296517e+07]
  [3.73504619e+03 1.36003820e+13 1.38331995e+01 ... 1.01527482e+05
   3.33315327e+01 4.63655650e+07]
  ...
  [1.61967151e+00 1.36003820e+13 5.99470356e-03 ... 3.96780989e+04
   1.44196749e-02 1.49116075e+07]
  [1.38149046e+00 1.36003820e+13 5.11314816e-03 ... 3.94562544e+04
   1.22991583e-02 1.47660534e+07]
  [1.17884060e+00 1.36003820e+13 4.36310267e-03 ... 3.92432726e+04
   1.04949911e-02 1.46246628e+07]]

 [[6.15074819e+04 1.36003820e+13 2.28019193e+02 ... 7.28809147e+05
   5.48958478e+02 2.59650980e+08]
  [1.60253576e+04 1.36003820e+13 5.94994098e+01 ... 2.86170743e+05
   1.44114822e+02 1.27452003e+08]
  [7.59251923e+03 1.36003820e+13 2.81348988e+01 ... 2.01969325e+05
   6.78658112e+01 9.16148244e+07]
  ...
  [3.32872472e+00 1.36003820e+13 1.23214012e-02 ... 7.93732349e+04
   2.96438777e-02 2.98263784e+07]
  [2.83924885e+00 1.36003820e+13 1.05095748e-02 ... 7.89297181e+04
   2.52847576e-02 2.95356815e+07]
  [2.42283020e+00 1.36003820e+13 8.96818166e-03 ... 7.85039588e+04
   2.15763207e-02 2.92533819e+07]]

 ...

 [[6.15074819e+04 1.36003820e+13 2.28019193e+02 ... 7.28809147e+05
   5.48958478e+02 2.59650980e+08]
  [1.60278895e+04 1.36003820e+13 5.95087700e+01 ... 2.86238344e+05
   1.44137285e+02 1.27478486e+08]
  [7.59347252e+03 1.36003820e+13 2.81384331e+01 ... 2.02026326e+05
   6.78743416e+01 9.16379510e+07]
  ...
  [3.32877397e+00 1.36003820e+13 1.23215821e-02 ... 7.94280036e+04
   2.96443042e-02 2.98392820e+07]
  [2.84039339e+00 1.36003820e+13 1.05138058e-02 ... 7.89887577e+04
   2.52949047e-02 2.95489636e+07]
  [3.21180118e+00 1.36003820e+13 1.18846797e-02 ... 8.12888656e+04
   2.85721065e-02 2.97882524e+07]]

 [[6.15074819e+04 1.36003820e+13 2.28019193e+02 ... 7.28809147e+05
   5.48958478e+02 2.59650980e+08]
  [8.33369900e+03 1.36003820e+13 3.09549059e+01 ... 1.49803655e+05
   7.50416946e+01 6.86457814e+07]
  [3.73547926e+03 1.36003820e+13 1.38348040e+01 ... 1.01556454e+05
   3.33353981e+01 4.63776064e+07]
  ...
  [1.61966454e+00 1.36003820e+13 5.99467736e-03 ... 3.97054670e+04
   1.44196091e-02 1.49180546e+07]
  [1.38207027e+00 1.36003820e+13 5.11529253e-03 ... 3.94859308e+04
   1.23043061e-02 1.47727233e+07]
  [1.64672850e+00 1.36003820e+13 6.09364782e-03 ... 4.08977633e+04
   1.46510053e-02 1.49659419e+07]]

 [[6.15074819e+04 1.36003820e+13 2.28019193e+02 ... 7.28809147e+05
   5.48958478e+02 2.59650980e+08]
  [0.00000000e+00 1.36003820e+13 0.00000000e+00 ... 0.00000000e+00
   0.00000000e+00 0.00000000e+00]
  [0.00000000e+00 1.36003820e+13 0.00000000e+00 ... 0.00000000e+00
   0.00000000e+00 0.00000000e+00]
  ...
  [0.00000000e+00 1.36003820e+13 0.00000000e+00 ... 0.00000000e+00
   0.00000000e+00 0.00000000e+00]
  [0.00000000e+00 1.36003820e+13 0.00000000e+00 ... 0.00000000e+00
   0.00000000e+00 0.00000000e+00]
  [0.00000000e+00 1.36003820e+13 0.00000000e+00 ... 0.00000000e+00
   0.00000000e+00 0.00000000e+00]]]"
"[[[7.08839430e+04 1.36003820e+13 2.62780890e+02 ... 9.83973995e+05
   4.66789727e+02 3.01757082e+08]
  [0.00000000e+00 1.36003820e+13 0.00000000e+00 ... 0.00000000e+00
   0.00000000e+00 0.00000000e+00]
  [0.00000000e+00 1.36003820e+13 0.00000000e+00 ... 0.00000000e+00
   0.00000000e+00 0.00000000e+00]
  ...
  [0.00000000e+00 1.36003820e+13 0.00000000e+00 ... 0.00000000e+00
   0.00000000e+00 0.00000000e+00]
  [0.00000000e+00 1.36003820e+13 0.00000000e+00 ... 0.00000000e+00
   0.00000000e+00 0.00000000e+00]
  [0.00000000e+00 1.36003820e+13 0.00000000e+00 ... 0.00000000e+00
   0.00000000e+00 0.00000000e+00]]

 [[7.08839430e+04 1.36003820e+13 2.62780890e+02 ... 9.83973995e+05
   4.66789727e+02 3.01757082e+08]
  [9.60163003e+03 1.36003820e+13 3.56645899e+01 ... 2.02198558e+05
   6.37253025e+01 7.97588534e+07]
  [4.30359719e+03 1.36003820e+13 1.59389021e+01 ... 1.37070668e+05
   2.83495451e+01 5.38843204e+07]
  ...
  [1.86254639e+00 1.36003820e+13 6.89362890e-03 ... 5.35595795e+04
   1.22462013e-02 1.73283722e+07]
  [1.58857476e+00 1.36003820e+13 5.87960537e-03 ... 5.32598960e+04
   1.04448243e-02 1.71587989e+07]
  [1.35548419e+00 1.36003820e+13 5.01689298e-03 ... 5.29721680e+04
   8.91225354e-03 1.69939639e+07]]

 [[7.08839430e+04 1.36003820e+13 2.62780890e+02 ... 9.83973995e+05
   4.66789727e+02 3.01757082e+08]
  [1.84666136e+04 1.36003820e+13 6.85634338e+01 ... 3.86358588e+05
   1.22427943e+02 1.48120025e+08]
  [8.74825199e+03 1.36003820e+13 3.24176082e+01 ... 2.72675627e+05
   5.77068820e+01 1.06471316e+08]
  ...
  [3.82787761e+00 1.36003820e+13 1.41690368e-02 ... 1.07142161e+05
   2.51744187e-02 3.46605632e+07]
  [3.26484999e+00 1.36003820e+13 1.20849536e-02 ... 1.06543028e+05
   2.14715395e-02 3.43219345e+07]
  [2.78587968e+00 1.36003820e+13 1.03120222e-02 ... 1.05967850e+05
   1.83215225e-02 3.39928715e+07]]

 ...

 [[7.08839430e+04 1.36003820e+13 2.62780890e+02 ... 9.83973995e+05
   4.66789727e+02 3.01757082e+08]
  [1.84695309e+04 1.36003820e+13 6.85742186e+01 ... 3.86449855e+05
   1.22447068e+02 1.48150803e+08]
  [8.74935004e+03 1.36003820e+13 3.24216793e+01 ... 2.72752583e+05
   5.77141328e+01 1.06498193e+08]
  ...
  [3.82793253e+00 1.36003820e+13 1.41692385e-02 ... 1.07216086e+05
   2.51747716e-02 3.46755481e+07]
  [3.26616471e+00 1.36003820e+13 1.20898136e-02 ... 1.06622717e+05
   2.14801544e-02 3.43373562e+07]
  [3.69320293e+00 1.36003820e+13 1.36660198e-02 ... 1.09727151e+05
   2.42674109e-02 3.46144818e+07]]

 [[7.08839430e+04 1.36003820e+13 2.62780890e+02 ... 9.83973995e+05
   4.66789727e+02 3.01757082e+08]
  [9.60327135e+03 1.36003820e+13 3.56706613e+01 ... 2.02249702e+05
   6.37360814e+01 7.97775988e+07]
  [4.30409601e+03 1.36003820e+13 1.59407503e+01 ... 1.37109781e+05
   2.83528324e+01 5.38983145e+07]
  ...
  [1.86253753e+00 1.36003820e+13 6.89359567e-03 ... 5.35965199e+04
   1.22461406e-02 1.73358588e+07]
  [1.58924081e+00 1.36003820e+13 5.88206871e-03 ... 5.32999522e+04
   1.04491941e-02 1.71665430e+07]
  [1.89356101e+00 1.36003820e+13 7.00704127e-03 ... 5.52055379e+04
   1.24434984e-02 1.73905881e+07]]

 [[7.08839430e+04 1.36003820e+13 2.62780890e+02 ... 9.83973995e+05
   4.66789727e+02 3.01757082e+08]
  [0.00000000e+00 1.36003820e+13 0.00000000e+00 ... 0.00000000e+00
   0.00000000e+00 0.00000000e+00]
  [0.00000000e+00 1.36003820e+13 0.00000000e+00 ... 0.00000000e+00
   0.00000000e+00 0.00000000e+00]
  ...
  [0.00000000e+00 1.36003820e+13 0.00000000e+00 ... 0.00000000e+00
   0.00000000e+00 0.00000000e+00]
  [0.00000000e+00 1.36003820e+13 0.00000000e+00 ... 0.00000000e+00
   0.00000000e+00 0.00000000e+00]
  [0.00000000e+00 1.36003820e+13 0.00000000e+00 ... 0.00000000e+00
   0.00000000e+00 0.00000000e+00]]]","[[[7.08839430e+04 1.36003820e+13 2.62780890e+02 ... 9.83973995e+05
   4.66789727e+02 3.01757082e+08]
  [0.00000000e+00 1.36003820e+13 0.00000000e+00 ... 0.00000000e+00
   0.00000000e+00 0.00000000e+00]
  [0.00000000e+00 1.36003820e+13 0.00000000e+00 ... 0.00000000e+00
   0.00000000e+00 0.00000000e+00]
  ...
  [0.00000000e+00 1.36003820e+13 0.00000000e+00 ... 0.00000000e+00
   0.00000000e+00 0.00000000e+00]
  [0.00000000e+00 1.36003820e+13 0.00000000e+00 ... 0.00000000e+00
   0.00000000e+00 0.00000000e+00]
  [0.00000000e+00 1.36003820e+13 0.00000000e+00 ... 0.00000000e+00
   0.00000000e+00 0.00000000e+00]]

 [[7.08839430e+04 1.36003820e+13 2.62780890e+02 ... 9.83973995e+05
   4.66789727e+02 3.01757082e+08]
  [9.60163003e+03 1.36003820e+13 3.56645899e+01 ... 2.02198558e+05
   6.37253025e+01 7.97588534e+07]
  [4.30359719e+03 1.36003820e+13 1.59389021e+01 ... 1.37070668e+05
   2.83495451e+01 5.38843204e+07]
  ...
  [1.86254638e+00 1.36003820e+13 6.89362886e-03 ... 5.35596332e+04
   1.22462012e-02 1.73296917e+07]
  [1.58857475e+00 1.36003820e+13 5.87960532e-03 ... 5.32599758e+04
   1.04448242e-02 1.71605344e+07]
  [1.35548417e+00 1.36003820e+13 5.01689292e-03 ... 5.29722847e+04
   8.91225344e-03 1.69962158e+07]]

 [[7.08839430e+04 1.36003820e+13 2.62780890e+02 ... 9.83973995e+05
   4.66789727e+02 3.01757082e+08]
  [1.84666136e+04 1.36003820e+13 6.85634338e+01 ... 3.86358588e+05
   1.22427943e+02 1.48120025e+08]
  [8.74825199e+03 1.36003820e+13 3.24176082e+01 ... 2.72675627e+05
   5.77068820e+01 1.06471316e+08]
  ...
  [3.82787759e+00 1.36003820e+13 1.41690368e-02 ... 1.07142265e+05
   2.51744186e-02 3.46630598e+07]
  [3.26484996e+00 1.36003820e+13 1.20849535e-02 ... 1.06543182e+05
   2.14715393e-02 3.43252232e+07]
  [2.78587965e+00 1.36003820e+13 1.03120221e-02 ... 1.05968075e+05
   1.83215223e-02 3.39971456e+07]]

 ...

 [[7.08839430e+04 1.36003820e+13 2.62780890e+02 ... 9.83973995e+05
   4.66789727e+02 3.01757082e+08]
  [1.84695309e+04 1.36003820e+13 6.85742186e+01 ... 3.86449855e+05
   1.22447068e+02 1.48150803e+08]
  [8.74935004e+03 1.36003820e+13 3.24216793e+01 ... 2.72752583e+05
   5.77141328e+01 1.06498193e+08]
  ...
  [3.82793251e+00 1.36003820e+13 1.41692384e-02 ... 1.07216190e+05
   2.51747715e-02 3.46780559e+07]
  [3.26616469e+00 1.36003820e+13 1.20898135e-02 ... 1.06622872e+05
   2.14801543e-02 3.43406592e+07]
  [3.69320290e+00 1.36003820e+13 1.36660197e-02 ... 1.09727375e+05
   2.42674107e-02 3.46187513e+07]]

 [[7.08839430e+04 1.36003820e+13 2.62780890e+02 ... 9.83973995e+05
   4.66789727e+02 3.01757082e+08]
  [9.60327135e+03 1.36003820e+13 3.56706613e+01 ... 2.02249702e+05
   6.37360814e+01 7.97775988e+07]
  [4.30409601e+03 1.36003820e+13 1.59407503e+01 ... 1.37109781e+05
   2.83528324e+01 5.38983145e+07]
  ...
  [1.86253752e+00 1.36003820e+13 6.89359563e-03 ... 5.35965740e+04
   1.22461405e-02 1.73371843e+07]
  [1.58924080e+00 1.36003820e+13 5.88206866e-03 ... 5.33000324e+04
   1.04491940e-02 1.71682860e+07]
  [1.89356099e+00 1.36003820e+13 7.00704120e-03 ... 5.52056540e+04
   1.24434983e-02 1.73928371e+07]]

 [[7.08839430e+04 1.36003820e+13 2.62780890e+02 ... 9.83973995e+05
   4.66789727e+02 3.01757082e+08]
  [0.00000000e+00 1.36003820e+13 0.00000000e+00 ... 0.00000000e+00
   0.00000000e+00 0.00000000e+00]
  [0.00000000e+00 1.36003820e+13 0.00000000e+00 ... 0.00000000e+00
   0.00000000e+00 0.00000000e+00]
  ...
  [0.00000000e+00 1.36003820e+13 0.00000000e+00 ... 0.00000000e+00
   0.00000000e+00 0.00000000e+00]
  [0.00000000e+00 1.36003820e+13 0.00000000e+00 ... 0.00000000e+00
   0.00000000e+00 0.00000000e+00]
  [0.00000000e+00 1.36003820e+13 0.00000000e+00 ... 0.00000000e+00
   0.00000000e+00 0.00000000e+00]]]"
