"[[[2.91952176e+02 2.72007639e+13 2.17269483e+00 ... 2.09794296e+06
   1.84424425e+00 4.44919616e+08]
  [0.00000000e+00 2.72007639e+13 0.00000000e+00 ... 0.00000000e+00
   0.00000000e+00 0.00000000e+00]
  [0.00000000e+00 2.72007639e+13 0.00000000e+00 ... 0.00000000e+00
   0.00000000e+00 0.00000000e+00]
  ...
  [0.00000000e+00 2.72007639e+13 0.00000000e+00 ... 0.00000000e+00
   0.00000000e+00 0.00000000e+00]
  [0.00000000e+00 2.72007639e+13 0.00000000e+00 ... 0.00000000e+00
   0.00000000e+00 0.00000000e+00]
  [0.00000000e+00 2.72007639e+13 0.00000000e+00 ... 0.00000000e+00
   0.00000000e+00 0.00000000e+00]]

 [[2.91952176e+02 2.72007639e+13 2.17269483e+00 ... 2.09794296e+06
   1.84424425e+00 4.44919616e+08]
  [2.91641924e+01 2.72007639e+13 2.17412866e-01 ... 4.26921687e+05
   1.85302193e-01 1.16453647e+08]
  [9.36309830e+00 2.72007639e+13 6.95357692e-02 ... 2.89381217e+05
   5.90932424e-02 7.86370315e+07]
  ...
  [1.52236320e-05 2.72007639e+13 1.12937477e-07 ... 1.13295221e+05
   9.58891474e-08 2.52749049e+07]
  [1.14211765e-05 2.72007639e+13 8.47286368e-08 ... 1.12665473e+05
   7.19384752e-08 2.50276762e+07]
  [8.57201776e-06 2.72007639e+13 6.35919717e-08 ... 1.12060931e+05
   5.39924669e-08 2.47874506e+07]]

 [[2.91952176e+02 2.72007639e+13 2.17269483e+00 ... 2.09794296e+06
   1.84424425e+00 4.44919616e+08]
  [5.63243245e+01 2.72007639e+13 4.19717030e-01 ... 8.16435792e+05
   3.57617740e-01 2.16544587e+08]
  [1.94145411e+01 2.72007639e+13 1.44311710e-01 ... 5.75763034e+05
   1.22723174e-01 1.55436263e+08]
  ...
  [3.21241918e-05 2.72007639e+13 2.38358049e-07 ... 2.26639915e+05
   2.02405216e-07 5.05556127e+07]
  [2.41008073e-05 2.72007639e+13 1.78825068e-07 ... 2.25380887e+05
   1.51851687e-07 5.00618585e+07]
  [1.80894606e-05 2.72007639e+13 1.34221511e-07 ... 2.24172358e+05
   1.13975916e-07 4.95822317e+07]]

 ...

 [[2.91952176e+02 2.72007639e+13 2.17269483e+00 ... 2.09794296e+06
   1.84424425e+00 4.44919616e+08]
  [5.63307537e+01 2.72007639e+13 4.19764668e-01 ... 8.16629420e+05
   3.57658151e-01 2.16589787e+08]
  [1.94152215e+01 2.72007639e+13 1.44316802e-01 ... 5.75926131e+05
   1.22727526e-01 1.55475618e+08]
  ...
  [3.21132311e-05 2.72007639e+13 2.38276666e-07 ... 2.26799461e+05
   2.02336069e-07 5.05776988e+07]
  [2.41149048e-05 2.72007639e+13 1.78929418e-07 ... 2.25552652e+05
   1.51940123e-07 5.00845789e+07]
  [4.09399837e-05 2.72007639e+13 3.03522228e-07 ... 2.32324136e+05
   2.57574901e-07 5.05137486e+07]]

 [[2.91952176e+02 2.72007639e+13 2.17269483e+00 ... 2.09794296e+06
   1.84424425e+00 4.44919616e+08]
  [2.91678321e+01 2.72007639e+13 2.17439852e-01 ... 4.27029941e+05
   1.85325097e-01 1.16481073e+08]
  [9.36323426e+00 2.72007639e+13 6.95367899e-02 ... 2.89464067e+05
   5.90941155e-02 7.86574968e+07]
  ...
  [1.52178726e-05 2.72007639e+13 1.12894736e-07 ... 1.13374946e+05
   9.58528471e-08 2.52859395e+07]
  [1.14287871e-05 2.72007639e+13 8.47850252e-08 ... 1.12751784e+05
   7.19862994e-08 2.50390831e+07]
  [2.23435405e-05 2.72007639e+13 1.65682045e-07 ... 1.16893065e+05
   1.40622290e-07 2.53800001e+07]]

 [[2.91952176e+02 2.72007639e+13 2.17269483e+00 ... 2.09794296e+06
   1.84424425e+00 4.44919616e+08]
  [0.00000000e+00 2.72007639e+13 0.00000000e+00 ... 0.00000000e+00
   0.00000000e+00 0.00000000e+00]
  [0.00000000e+00 2.72007639e+13 0.00000000e+00 ... 0.00000000e+00
   0.00000000e+00 0.00000000e+00]
  ...
  [0.00000000e+00 2.72007639e+13 0.00000000e+00 ... 0.00000000e+00
   0.00000000e+00 0.00000000e+00]
  [0.00000000e+00 2.72007639e+13 0.00000000e+00 ... 0.00000000e+00
   0.00000000e+00 0.00000000e+00]
  [0.00000000e+00 2.72007639e+13 0.00000000e+00 ... 0.00000000e+00
   0.00000000e+00 0.00000000e+00]]]","[[[2.91952176e+02 2.72007639e+13 2.17269483e+00 ... 2.09794296e+06
   1.84424425e+00 4.44919616e+08]
  [0.00000000e+00 2.72007639e+13 0.00000000e+00 ... 0.00000000e+00
   0.00000000e+00 0.00000000e+00]
  [0.00000000e+00 2.72007639e+13 0.00000000e+00 ... 0.00000000e+00
   0.00000000e+00 0.00000000e+00]
  ...
  [0.00000000e+00 2.72007639e+13 0.00000000e+00 ... 0.00000000e+00
   0.00000000e+00 0.00000000e+00]
  [0.00000000e+00 2.72007639e+13 0.00000000e+00 ... 0.00000000e+00
   0.00000000e+00 0.00000000e+00]
  [0.00000000e+00 2.72007639e+13 0.00000000e+00 ... 0.00000000e+00
   0.00000000e+00 0.00000000e+00]]

 [[2.91952176e+02 2.72007639e+13 2.17269483e+00 ... 2.09794296e+06
   1.84424425e+00 4.44919616e+08]
  [2.91641924e+01 2.72007639e+13 2.17412866e-01 ... 4.26921687e+05
   1.85302193e-01 1.16453647e+08]
  [9.36309830e+00 2.72007639e+13 6.95357692e-02 ... 2.89381217e+05
   5.90932424e-02 7.86370315e+07]
  ...
  [1.52236319e-05 2.72007639e+13 1.12937477e-07 ... 1.13295321e+05
   9.58891470e-08 2.52766488e+07]
  [1.14211764e-05 2.72007639e+13 8.47286363e-08 ... 1.12665622e+05
   7.19384747e-08 2.50299757e+07]
  [8.57201768e-06 2.72007639e+13 6.35919711e-08 ... 1.12061150e+05
   5.39924664e-08 2.47904421e+07]]

 [[2.91952176e+02 2.72007639e+13 2.17269483e+00 ... 2.09794296e+06
   1.84424425e+00 4.44919616e+08]
  [5.63243245e+01 2.72007639e+13 4.19717030e-01 ... 8.16435792e+05
   3.57617740e-01 2.16544587e+08]
  [1.94145411e+01 2.72007639e+13 1.44311710e-01 ... 5.75763034e+05
   1.22723174e-01 1.55436263e+08]
  ...
  [3.21241916e-05 2.72007639e+13 2.38358048e-07 ... 2.26640108e+05
   2.02405216e-07 5.05589149e+07]
  [2.41008071e-05 2.72007639e+13 1.78825067e-07 ... 2.25381176e+05
   1.51851686e-07 5.00662196e+07]
  [1.80894604e-05 2.72007639e+13 1.34221509e-07 ... 2.24172781e+05
   1.13975915e-07 4.95879137e+07]]

 ...

 [[2.91952176e+02 2.72007639e+13 2.17269483e+00 ... 2.09794296e+06
   1.84424425e+00 4.44919616e+08]
  [5.63307537e+01 2.72007639e+13 4.19764668e-01 ... 8.16629420e+05
   3.57658151e-01 2.16589787e+08]
  [1.94152215e+01 2.72007639e+13 1.44316802e-01 ... 5.75926131e+05
   1.22727526e-01 1.55475618e+08]
  ...
  [3.21132309e-05 2.72007639e+13 2.38276665e-07 ... 2.26799656e+05
   2.02336068e-07 5.05810159e+07]
  [2.41149046e-05 2.72007639e+13 1.78929417e-07 ... 2.25552942e+05
   1.51940122e-07 5.00889591e+07]
  [4.09399835e-05 2.72007639e+13 3.03522227e-07 ... 2.32324558e+05
   2.57574900e-07 5.05194240e+07]]

 [[2.91952176e+02 2.72007639e+13 2.17269483e+00 ... 2.09794296e+06
   1.84424425e+00 4.44919616e+08]
  [2.91678321e+01 2.72007639e+13 2.17439852e-01 ... 4.27029941e+05
   1.85325097e-01 1.16481073e+08]
  [9.36323426e+00 2.72007639e+13 6.95367899e-02 ... 2.89464067e+05
   5.90941155e-02 7.86574968e+07]
  ...
  [1.52178725e-05 2.72007639e+13 1.12894736e-07 ... 1.13375047e+05
   9.58528467e-08 2.52876913e+07]
  [1.14287871e-05 2.72007639e+13 8.47850247e-08 ... 1.12751934e+05
   7.19862989e-08 2.50413926e+07]
  [2.23435404e-05 2.72007639e+13 1.65682044e-07 ... 1.16893283e+05
   1.40622289e-07 2.53829873e+07]]

 [[2.91952176e+02 2.72007639e+13 2.17269483e+00 ... 2.09794296e+06
   1.84424425e+00 4.44919616e+08]
  [0.00000000e+00 2.72007639e+13 0.00000000e+00 ... 0.00000000e+00
   0.00000000e+00 0.00000000e+00]
  [0.00000000e+00 2.72007639e+13 0.00000000e+00 ... 0.00000000e+00
   0.00000000e+00 0.00000000e+00]
  ...
  [0.00000000e+00 2.72007639e+13 0.00000000e+00 ... 0.00000000e+00
   0.00000000e+00 0.00000000e+00]
  [0.00000000e+00 2.72007639e+13 0.00000000e+00 ... 0.00000000e+00
   0.00000000e+00 0.00000000e+00]
  [0.00000000e+00 2.72007639e+13 0.00000000e+00 ... 0.00000000e+00
   0.00000000e+00 0.00000000e+00]]]"
"[[[3.59062397e+02 2.72007639e+13 2.67216881e+00 ... 3.29964209e+06
   1.43330249e+00 5.58391614e+08]
  [0.00000000e+00 2.72007639e+13 0.00000000e+00 ... 0.00000000e+00
   0.00000000e+00 0.00000000e+00]
  [0.00000000e+00 2.72007639e+13 0.00000000e+00 ... 0.00000000e+00
   0.00000000e+00 0.00000000e+00]
  ...
  [0.00000000e+00 2.72007639e+13 0.00000000e+00 ... 0.00000000e+00
   0.00000000e+00 0.00000000e+00]
  [0.00000000e+00 2.72007639e+13 0.00000000e+00 ... 0.00000000e+00
   0.00000000e+00 0.00000000e+00]
  [0.00000000e+00 2.72007639e+13 0.00000000e+00 ... 0.00000000e+00
   0.00000000e+00 0.00000000e+00]]

 [[3.59062397e+02 2.72007639e+13 2.67216881e+00 ... 3.29964209e+06
   1.43330249e+00 5.58391614e+08]
  [3.58617405e+01 2.72007639e+13 2.67342137e-01 ... 6.71447038e+05
   1.43914475e-01 1.46153905e+08]
  [1.15107192e+01 2.72007639e+13 8.54853105e-02 ... 4.55117666e+05
   4.59324648e-02 9.86925656e+07]
  ...
  [1.86285784e-05 2.72007639e+13 1.38197318e-07 ... 1.78112439e+05
   7.42130708e-08 3.17209991e+07]
  [1.39740782e-05 2.72007639e+13 1.03667503e-07 ... 1.77120836e+05
   5.56702538e-08 3.14107173e+07]
  [1.04868784e-05 2.72007639e+13 7.77974844e-08 ... 1.76168880e+05
   4.17778452e-08 3.11092248e+07]]

 [[3.59062397e+02 2.72007639e+13 2.67216881e+00 ... 3.29964209e+06
   1.43330249e+00 5.58391614e+08]
  [6.92584109e+01 2.72007639e+13 5.16100315e-01 ... 1.28405985e+06
   2.77770356e-01 2.71771969e+08]
  [2.38676158e+01 2.72007639e+13 1.77412458e-01 ... 9.05518065e+05
   9.53678829e-02 1.95078619e+08]
  ...
  [3.93091506e-05 2.72007639e+13 2.91669789e-07 ... 3.56302659e+05
   1.56642982e-07 6.34492810e+07]
  [2.94879054e-05 2.72007639e+13 2.18796771e-07 ... 3.54320187e+05
   1.17505986e-07 6.28296001e+07]
  [2.21303763e-05 2.72007639e+13 1.64204660e-07 ... 3.52417147e+05
   8.81869661e-08 6.22276495e+07]]

 ...

 [[3.59062397e+02 2.72007639e+13 2.67216881e+00 ... 3.29964209e+06
   1.43330249e+00 5.58391614e+08]
  [6.92663142e+01 2.72007639e+13 5.16158875e-01 ... 1.28436438e+06
   2.77801785e-01 2.71828697e+08]
  [2.38684508e+01 2.72007639e+13 1.77418707e-01 ... 9.05774562e+05
   9.53712526e-02 1.95128012e+08]
  ...
  [3.92956907e-05 2.72007639e+13 2.91569850e-07 ... 3.56553450e+05
   1.56589290e-07 6.34769998e+07]
  [2.95051200e-05 2.72007639e+13 2.18924194e-07 ... 3.54590185e+05
   1.17574334e-07 6.28581150e+07]
  [5.00926437e-05 2.72007639e+13 3.71378616e-07 ... 3.65233248e+05
   1.99369502e-07 6.33967399e+07]]

 [[3.59062397e+02 2.72007639e+13 2.67216881e+00 ... 3.29964209e+06
   1.43330249e+00 5.58391614e+08]
  [3.58662151e+01 2.72007639e+13 2.67375314e-01 ... 6.71617292e+05
   1.43932287e-01 1.46188326e+08]
  [1.15108856e+01 2.72007639e+13 8.54865598e-02 ... 4.55247961e+05
   4.59331392e-02 9.87182503e+07]
  ...
  [1.86215083e-05 2.72007639e+13 1.38144849e-07 ... 1.78237760e+05
   7.41848896e-08 3.17348479e+07]
  [1.39833741e-05 2.72007639e+13 1.03736378e-07 ... 1.77256508e+05
   5.57072150e-08 3.14250334e+07]
  [2.73392717e-05 2.72007639e+13 2.02726473e-07 ... 1.83765884e+05
   1.08841279e-07 3.18528976e+07]]

 [[3.59062397e+02 2.72007639e+13 2.67216881e+00 ... 3.29964209e+06
   1.43330249e+00 5.58391614e+08]
  [0.00000000e+00 2.72007639e+13 0.00000000e+00 ... 0.00000000e+00
   0.00000000e+00 0.00000000e+00]
  [0.00000000e+00 2.72007639e+13 0.00000000e+00 ... 0.00000000e+00
   0.00000000e+00 0.00000000e+00]
  ...
  [0.00000000e+00 2.72007639e+13 0.00000000e+00 ... 0.00000000e+00
   0.00000000e+00 0.00000000e+00]
  [0.00000000e+00 2.72007639e+13 0.00000000e+00 ... 0.00000000e+00
   0.00000000e+00 0.00000000e+00]
  [0.00000000e+00 2.72007639e+13 0.00000000e+00 ... 0.00000000e+00
   0.00000000e+00 0.00000000e+00]]]","[[[3.59062397e+02 2.72007639e+13 2.67216881e+00 ... 3.29964209e+06
   1.43330249e+00 5.58391614e+08]
  [0.00000000e+00 2.72007639e+13 0.00000000e+00 ... 0.00000000e+00
   0.00000000e+00 0.00000000e+00]
  [0.00000000e+00 2.72007639e+13 0.00000000e+00 ... 0.00000000e+00
   0.00000000e+00 0.00000000e+00]
  ...
  [0.00000000e+00 2.72007639e+13 0.00000000e+00 ... 0.00000000e+00
   0.00000000e+00 0.00000000e+00]
  [0.00000000e+00 2.72007639e+13 0.00000000e+00 ... 0.00000000e+00
   0.00000000e+00 0.00000000e+00]
  [0.00000000e+00 2.72007639e+13 0.00000000e+00 ... 0.00000000e+00
   0.00000000e+00 0.00000000e+00]]

 [[3.59062397e+02 2.72007639e+13 2.67216881e+00 ... 3.29964209e+06
   1.43330249e+00 5.58391614e+08]
  [3.58617405e+01 2.72007639e+13 2.67342137e-01 ... 6.71447038e+05
   1.43914475e-01 1.46153905e+08]
  [1.15107192e+01 2.72007639e+13 8.54853105e-02 ... 4.55117666e+05
   4.59324648e-02 9.86925656e+07]
  ...
  [1.86285783e-05 2.72007639e+13 1.38197317e-07 ... 1.78112597e+05
   7.42130704e-08 3.17231877e+07]
  [1.39740781e-05 2.72007639e+13 1.03667502e-07 ... 1.77121070e+05
   5.56702533e-08 3.14136032e+07]
  [1.04868783e-05 2.72007639e+13 7.77974835e-08 ... 1.76169224e+05
   4.17778447e-08 3.11129792e+07]]

 [[3.59062397e+02 2.72007639e+13 2.67216881e+00 ... 3.29964209e+06
   1.43330249e+00 5.58391614e+08]
  [6.92584109e+01 2.72007639e+13 5.16100315e-01 ... 1.28405985e+06
   2.77770356e-01 2.71771969e+08]
  [2.38676158e+01 2.72007639e+13 1.77412458e-01 ... 9.05518065e+05
   9.53678829e-02 1.95078619e+08]
  ...
  [3.93091504e-05 2.72007639e+13 2.91669788e-07 ... 3.56302963e+05
   1.56642982e-07 6.34534253e+07]
  [2.94879052e-05 2.72007639e+13 2.18796769e-07 ... 3.54320639e+05
   1.17505985e-07 6.28350734e+07]
  [2.21303761e-05 2.72007639e+13 1.64204658e-07 ... 3.52417812e+05
   8.81869651e-08 6.22347807e+07]]

 ...

 [[3.59062397e+02 2.72007639e+13 2.67216881e+00 ... 3.29964209e+06
   1.43330249e+00 5.58391614e+08]
  [6.92663142e+01 2.72007639e+13 5.16158875e-01 ... 1.28436438e+06
   2.77801785e-01 2.71828697e+08]
  [2.38684508e+01 2.72007639e+13 1.77418707e-01 ... 9.05774562e+05
   9.53712526e-02 1.95128012e+08]
  ...
  [3.92956905e-05 2.72007639e+13 2.91569849e-07 ... 3.56553756e+05
   1.56589290e-07 6.34811629e+07]
  [2.95051198e-05 2.72007639e+13 2.18924192e-07 ... 3.54590641e+05
   1.17574333e-07 6.28636123e+07]
  [5.00926434e-05 2.72007639e+13 3.71378614e-07 ... 3.65233910e+05
   1.99369501e-07 6.34038627e+07]]

 [[3.59062397e+02 2.72007639e+13 2.67216881e+00 ... 3.29964209e+06
   1.43330249e+00 5.58391614e+08]
  [3.58662151e+01 2.72007639e+13 2.67375314e-01 ... 6.71617292e+05
   1.43932287e-01 1.46188326e+08]
  [1.15108856e+01 2.72007639e+13 8.54865598e-02 ... 4.55247961e+05
   4.59331392e-02 9.87182503e+07]
  ...
  [1.86215082e-05 2.72007639e+13 1.38144849e-07 ... 1.78237918e+05
   7.41848892e-08 3.17370465e+07]
  [1.39833740e-05 2.72007639e+13 1.03736377e-07 ... 1.77256744e+05
   5.57072145e-08 3.14279320e+07]
  [2.73392716e-05 2.72007639e+13 2.02726472e-07 ... 1.83766227e+05
   1.08841278e-07 3.18566467e+07]]

 [[3.59062397e+02 2.72007639e+13 2.67216881e+00 ... 3.29964209e+06
   1.43330249e+00 5.58391614e+08]
  [0.00000000e+00 2.72007639e+13 0.00000000e+00 ... 0.00000000e+00
   0.00000000e+00 0.00000000e+00]
  [0.00000000e+00 2.72007639e+13 0.00000000e+00 ... 0.00000000e+00
   0.00000000e+00 0.00000000e+00]
  ...
  [0.00000000e+00 2.72007639e+13 0.00000000e+00 ... 0.00000000e+00
   0.00000000e+00 0.00000000e+00]
  [0.00000000e+00 2.72007639e+13 0.00000000e+00 ... 0.00000000e+00
   0.00000000e+00 0.00000000e+00]
  [0.00000000e+00 2.72007639e+13 0.00000000e+00 ... 0.00000000e+00
   0.00000000e+00 0.00000000e+00]]]"
"[[[3.97912872e+02 2.72007639e+13 2.96132522e+00 ... 4.14801449e+06
   1.25956917e+00 6.26349731e+08]
  [0.00000000e+00 2.72007639e+13 0.00000000e+00 ... 0.00000000e+00
   0.00000000e+00 0.00000000e+00]
  [0.00000000e+00 2.72007639e+13 0.00000000e+00 ... 0.00000000e+00
   0.00000000e+00 0.00000000e+00]
  ...
  [0.00000000e+00 2.72007639e+13 0.00000000e+00 ... 0.00000000e+00
   0.00000000e+00 0.00000000e+00]
  [0.00000000e+00 2.72007639e+13 0.00000000e+00 ... 0.00000000e+00
   0.00000000e+00 0.00000000e+00]
  [0.00000000e+00 2.72007639e+13 0.00000000e+00 ... 0.00000000e+00
   0.00000000e+00 0.00000000e+00]]

 [[3.97912872e+02 2.72007639e+13 2.96132522e+00 ... 4.14801449e+06
   1.25956917e+00 6.26349731e+08]
  [3.97377758e+01 2.72007639e+13 2.96237522e-01 ... 8.44071911e+05
   1.26433725e-01 1.63941321e+08]
  [1.27531010e+01 2.72007639e+13 9.47120082e-02 ... 5.72117577e+05
   4.03630461e-02 1.10703778e+08]
  ...
  [2.05819226e-05 2.72007639e+13 1.52688347e-07 ... 2.23848353e+05
   6.50413753e-08 3.55815499e+07]
  [1.54383213e-05 2.72007639e+13 1.14530090e-07 ... 2.22600945e+05
   4.87869022e-08 3.52335058e+07]
  [1.15849402e-05 2.72007639e+13 8.59435265e-08 ... 2.21403383e+05
   3.66097488e-08 3.48953207e+07]]

 [[3.97912872e+02 2.72007639e+13 2.96132522e+00 ... 4.14801449e+06
   1.25956917e+00 6.26349731e+08]
  [7.67435352e+01 2.72007639e+13 5.71878805e-01 ... 1.61418299e+06
   2.44038793e-01 3.04847521e+08]
  [2.64436744e+01 2.72007639e+13 1.96560954e-01 ... 1.13830517e+06
   8.37968216e-02 2.18820335e+08]
  ...
  [4.34310063e-05 2.72007639e+13 3.22253606e-07 ... 4.47794461e+05
   1.37281636e-07 7.11712690e+07]
  [3.25777313e-05 2.72007639e+13 2.41722971e-07 ... 4.45300568e+05
   1.02975108e-07 7.04761708e+07]
  [2.44476076e-05 2.72007639e+13 1.81398274e-07 ... 4.42906537e+05
   7.72764845e-08 6.98009609e+07]]

 ...

 [[3.97912872e+02 2.72007639e+13 2.96132522e+00 ... 4.14801449e+06
   1.25956917e+00 6.26349731e+08]
  [7.67522911e+01 2.72007639e+13 5.71943683e-01 ... 1.61456580e+06
   2.44066417e-01 3.04911152e+08]
  [2.64445984e+01 2.72007639e+13 1.96567870e-01 ... 1.13862760e+06
   8.37997773e-02 2.18875739e+08]
  ...
  [4.34161036e-05 2.72007639e+13 3.22142954e-07 ... 4.48109626e+05
   1.37234485e-07 7.12023613e+07]
  [3.25967272e-05 2.72007639e+13 2.41863579e-07 ... 4.45639871e+05
   1.03034949e-07 7.05081561e+07]
  [5.53425525e-05 2.72007639e+13 4.10300635e-07 ... 4.59014034e+05
   1.74733245e-07 7.11123335e+07]]

 [[3.97912872e+02 2.72007639e+13 2.96132522e+00 ... 4.14801449e+06
   1.25956917e+00 6.26349731e+08]
  [3.97427335e+01 2.72007639e+13 2.96274279e-01 ... 8.44285933e+05
   1.26449380e-01 1.63979931e+08]
  [1.27532849e+01 2.72007639e+13 9.47133888e-02 ... 5.72281365e+05
   4.03636367e-02 1.10732589e+08]
  ...
  [2.05740962e-05 2.72007639e+13 1.52630267e-07 ... 2.24005840e+05
   6.50166308e-08 3.55970842e+07]
  [1.54485809e-05 2.72007639e+13 1.14606104e-07 ... 2.22771443e+05
   4.88192649e-08 3.52495642e+07]
  [3.02048960e-05 2.72007639e+13 2.23975703e-07 ... 2.30951427e+05
   9.53909102e-08 3.57295010e+07]]

 [[3.97912872e+02 2.72007639e+13 2.96132522e+00 ... 4.14801449e+06
   1.25956917e+00 6.26349731e+08]
  [0.00000000e+00 2.72007639e+13 0.00000000e+00 ... 0.00000000e+00
   0.00000000e+00 0.00000000e+00]
  [0.00000000e+00 2.72007639e+13 0.00000000e+00 ... 0.00000000e+00
   0.00000000e+00 0.00000000e+00]
  ...
  [0.00000000e+00 2.72007639e+13 0.00000000e+00 ... 0.00000000e+00
   0.00000000e+00 0.00000000e+00]
  [0.00000000e+00 2.72007639e+13 0.00000000e+00 ... 0.00000000e+00
   0.00000000e+00 0.00000000e+00]
  [0.00000000e+00 2.72007639e+13 0.00000000e+00 ... 0.00000000e+00
   0.00000000e+00 0.00000000e+00]]]","[[[3.97912872e+02 2.72007639e+13 2.96132522e+00 ... 4.14801449e+06
   1.25956917e+00 6.26349731e+08]
  [0.00000000e+00 2.72007639e+13 0.00000000e+00 ... 0.00000000e+00
   0.00000000e+00 0.00000000e+00]
  [0.00000000e+00 2.72007639e+13 0.00000000e+00 ... 0.00000000e+00
   0.00000000e+00 0.00000000e+00]
  ...
  [0.00000000e+00 2.72007639e+13 0.00000000e+00 ... 0.00000000e+00
   0.00000000e+00 0.00000000e+00]
  [0.00000000e+00 2.72007639e+13 0.00000000e+00 ... 0.00000000e+00
   0.00000000e+00 0.00000000e+00]
  [0.00000000e+00 2.72007639e+13 0.00000000e+00 ... 0.00000000e+00
   0.00000000e+00 0.00000000e+00]]

 [[3.97912872e+02 2.72007639e+13 2.96132522e+00 ... 4.14801449e+06
   1.25956917e+00 6.26349731e+08]
  [3.97377758e+01 2.72007639e+13 2.96237522e-01 ... 8.44071911e+05
   1.26433725e-01 1.63941321e+08]
  [1.27531010e+01 2.72007639e+13 9.47120082e-02 ... 5.72117577e+05
   4.03630461e-02 1.10703778e+08]
  ...
  [2.05819224e-05 2.72007639e+13 1.52688346e-07 ... 2.23848551e+05
   6.50413749e-08 3.55840049e+07]
  [1.54383212e-05 2.72007639e+13 1.14530089e-07 ... 2.22601239e+05
   4.87869018e-08 3.52367430e+07]
  [1.15849400e-05 2.72007639e+13 8.59435253e-08 ... 2.21403815e+05
   3.66097483e-08 3.48995320e+07]]

 [[3.97912872e+02 2.72007639e+13 2.96132522e+00 ... 4.14801449e+06
   1.25956917e+00 6.26349731e+08]
  [7.67435352e+01 2.72007639e+13 5.71878805e-01 ... 1.61418299e+06
   2.44038793e-01 3.04847521e+08]
  [2.64436744e+01 2.72007639e+13 1.96560954e-01 ... 1.13830517e+06
   8.37968216e-02 2.18820335e+08]
  ...
  [4.34310061e-05 2.72007639e+13 3.22253604e-07 ... 4.47794842e+05
   1.37281635e-07 7.11759177e+07]
  [3.25777310e-05 2.72007639e+13 2.41722969e-07 ... 4.45301136e+05
   1.02975107e-07 7.04823103e+07]
  [2.44476073e-05 2.72007639e+13 1.81398271e-07 ... 4.42907372e+05
   7.72764835e-08 6.98089600e+07]]

 ...

 [[3.97912872e+02 2.72007639e+13 2.96132522e+00 ... 4.14801449e+06
   1.25956917e+00 6.26349731e+08]
  [7.67522911e+01 2.72007639e+13 5.71943683e-01 ... 1.61456580e+06
   2.44066417e-01 3.04911152e+08]
  [2.64445984e+01 2.72007639e+13 1.96567870e-01 ... 1.13862760e+06
   8.37997773e-02 2.18875739e+08]
  ...
  [4.34161034e-05 2.72007639e+13 3.22142952e-07 ... 4.48110010e+05
   1.37234484e-07 7.12070311e+07]
  [3.25967269e-05 2.72007639e+13 2.41863577e-07 ... 4.45640443e+05
   1.03034948e-07 7.05143225e+07]
  [5.53425522e-05 2.72007639e+13 4.10300632e-07 ... 4.59014865e+05
   1.74733244e-07 7.11203232e+07]]

 [[3.97912872e+02 2.72007639e+13 2.96132522e+00 ... 4.14801449e+06
   1.25956917e+00 6.26349731e+08]
  [3.97427335e+01 2.72007639e+13 2.96274279e-01 ... 8.44285933e+05
   1.26449380e-01 1.63979931e+08]
  [1.27532849e+01 2.72007639e+13 9.47133888e-02 ... 5.72281365e+05
   4.03636367e-02 1.10732589e+08]
  ...
  [2.05740960e-05 2.72007639e+13 1.52630266e-07 ... 2.24006039e+05
   6.50166304e-08 3.55995503e+07]
  [1.54485807e-05 2.72007639e+13 1.14606103e-07 ... 2.22771739e+05
   4.88192645e-08 3.52528156e+07]
  [3.02048958e-05 2.72007639e+13 2.23975701e-07 ... 2.30951857e+05
   9.53909096e-08 3.57337064e+07]]

 [[3.97912872e+02 2.72007639e+13 2.96132522e+00 ... 4.14801449e+06
   1.25956917e+00 6.26349731e+08]
  [0.00000000e+00 2.72007639e+13 0.00000000e+00 ... 0.00000000e+00
   0.00000000e+00 0.00000000e+00]
  [0.00000000e+00 2.72007639e+13 0.00000000e+00 ... 0.00000000e+00
   0.00000000e+00 0.00000000e+00]
  ...
  [0.00000000e+00 2.72007639e+13 0.00000000e+00 ... 0.00000000e+00
   0.00000000e+00 0.00000000e+00]
  [0.00000000e+00 2.72007639e+13 0.00000000e+00 ... 0.00000000e+00
   0.00000000e+00 0.00000000e+00]
  [0.00000000e+00 2.72007639e+13 0.00000000e+00 ... 0.00000000e+00
   0.00000000e+00 0.00000000e+00]]]"
